1829822331,436448558,436448505,3,43,zjb,True
436448503,1966320826,6,21,zjb,True
436448503,632443491,438033823,438033899,9,55,zjb,True
2574165037,438034178,436448510,8,20,zjb,True
2969807986,436448515,17,40,zjb,True
438034194,438034200,1,9,zjb,True
438034200,438034194,1,41,zjb,True
436448503,632443491,438033823,438033899,9,46,zjb,True
438034251,438034241,2574165044,1684770517,438034214,436448505,10,21,zjb,True
436448503,429457973,21835100,2446063289,435199965,435200014,40,00,zde,True
436448612,282361135,436448503,436448513,2,49,zde,True
1828310941,437038104,2,5,zjh,True
330083530,3042753286,0,11,zjh,True
3042753286,438034088,1,17,zjh,True
438034088,438034100,1,08,zjh,True
438034100,3042753259,0,27,zjh,True
438034100,439202310,0,52,zjh,True
439202310,3042753295,0,25,zjh,True
3042753295,330083608,0,55,zjh,True
330083608,438034106,0,30,zjh,True
438034106,438034101,0,18,zjh,True
438034101,438034111,1,06,zjh,True
438034111,438034116,1,25,zjh,True
438034116,438034105,0,54,zjh,True
438034105,438034110,0,28,zjh,True
438034110,330083580,1,21,zjh,True
330083580,3041099321,0,48,zjh,True
440798515,429848507,3,15,J.C.S.,True
436198395,436198388,2,4,J.C.S.,True
436198385,440845822,2,5,J.C.S.,True
441001297,436196605,2,5,J.C.S.,True
429848584,441001302,2,0,J.C.S.,True
429848590,429453521,4,0,J.C.S.,True
441001303,436196583,3,55,J.C.S.,True
436196588,1831774522,6,4,J.C.S.,True
435199560,435199564,6,2,J.C.S.,True
432496899,330089289,17,8,J.C.S.,True
436448513,436448527,2,14,tfm,True
2938971019,2938970982,1,36,tfm,True
2938970982,2938971019,1,51,tfm,True
436448513,439211500,2,07,tfm,True
330086663,330086657,1,45,tfm,True
1961583838,1936855644,1,45,tfm,True
1936855644,436448612,1,10,tfm,True
441058186,435199978,3,02,tfm,True
435200007,435200018,1,48,tfm,True
330083567,330084039,0,40,tfm,True
438034062,438034034,0,39,tfm,True
330083573,438034062,0,25,tfm,True
330083574,330083573,0,28,tfm,True
330083577,438034082,0,38,tfm,True
438034077,330083577,0,43,tfm,True
436480933,436480936,0,37,JEM,False
436480936,436922859,0,21,JEM,False
436922859,436922856,0,10,JEM,True
436922856,436480932,0,19,JEM,True
436480932,436480929,0,38,JEM,False
436480929,436480923,0,11,JEM,False
436480923,436480927,0,43,JEM,False
436480927,436922838,0,20,JEM,False
436922838,436922854,0,10,JEM,False
436922854,436480921,0,19,JEM,False
436480921,436480920,0,48,JEM,True
436480920,436922840,0,13,JEM,True
436922840,436480918,0,49,JEM,True
436448700,436480902,0,7,JEM,False
436480902,436480903,0,44,JEM,False
436480903,436480881,0,38,JEM,False
436480881,436480890,0,17,JEM,False
436480890,436480900,0,24,JEM,False
436480900,436448688,0,10,JEM,False
436448686,436480905,0,10,JEM,False
436480905,436480891,0,26,JEM,False
436480891,436480879,0,17,JEM,False
436448686,436448683,0,13,JEM,False
436448683,436480907,0,10,JEM,False
436480907,1966320716,0,23,JEM,True
1966320716,436480888,0,24,JEM,True
429848681,438043968,436196565,330086778,7,15,zjb,True
330087007,21835142,8,42,zjb,True
2574165036,429848654,440798508,440798515,429848507,438044024,16,48,zjb,True
436480933,436480936,0,37,ERL,False
436480936,436922859,0,21,ERL,False
436922859,436922856,0,10,ERL,False
436922856,436480932,0,19,ERL,False
436480932,436480929,0,38,ERL,False
436480929,436480923,0,11,ERL,False
436480923,436480927,0,43,ERL,False
436480927,436480921,0,10,ERL,False
436480927,436922838,0,20,ERL,False
436922838,436922854,0,10,ERL,False
436922854,436480921,0,19,ERL,False
435200014,441001414,435200039,1,49,zde,True
435200039,1446296836,1446296955,11,37,zde,True
435200059,435221245,435221245,435221242,435221237,2141526767,21835069,2446063289,26,34,zde,True
436480920,436480898,0,13,ERL,False
436480898,436480918,0,49,ERL,False
436480918,436922840,0,21,ERL,False
436480918,436480903,0,5,ERL,False
436480903,436480902,0,44,ERL,False
436480902,436448700,0,7,ERL,False
436448700,436448688,0,33,ERL,False
436448688,436480900,0,10,ERL,False
436480900,436480890,0,24,ERL,False
436480890,436480881,0,17,ERL,False
436480881,436480879,0,15,ERL,False
436480879,436480891,0,17,ERL,False
436480891,436480905,0,26,ERL,False
436480905,436448686,0,10,ERL,False
436448686,436448683,0,12,ERL,False
436448683,436480907,0,10,ERL,False
436480907,1966320716,0,22,ERL,False
1966320716,436480888,0,24,ERL,False
330087007,1929377948, 21835151, 21835142,435199777,10,57,zjh,False
435199777,330090036,21835286,11,00,zjh,False
21835286,440860845, 21835011, 435200236, 1864930485, 1689317618, 1864930489, 2446063297, 2446063289,21835347,10,40,tfm,False
21835347,435199978, 435199991, 435200024, 435200007, 441001422, 441001424, 441001419,441001421,11,21,tfm,False
435200014,435199998,435200147,17,04,zde,True
439216686,1460269489,46,10,zde,True
2897107777,2903733681,1823202137,429848483,8,21,zde,False
441058201,1825327744,12,51,zde,False
435200014,435200007,21835347,21835374,441058201,13,43,zde,False
435200014,435200024,435199993,2,43,zde,True
1825115929,435200032,441001425,435200014,4,56,zde,False
435200014,435200024,435199991,21835347,2446063297,6,42,zde,False
435200014,435199998,435200147,1684034083,1683215197,38,03,zde,True
435200014,21835374,2668618902,10,32,zde,False
441001353,282363994,435199999,435199998,435200028,435200007,441001422,12,17,ERL,True
429472494,1833651236,330086661,330084039,10,21,ERL,True
429472494,1689166054,429848485,1689163979,436448612,439211463,438033834,429848661,429848664,429848668,21835399,13,59,JS,True
429848504,429848509,429848513,429848518,429848521,429848529,18,57,JS,True
435200018,435200007,435200028,435199998,435199999,282363994,435200147,1825169191,1689253575,429453494,2778921943,1684034083,429450425,1684572326,2017242240,2017242252,1825552200,27,36,JEM,True
435200024,435199991,435199978,21835347,2446063289,2446063294,21835374,21835031,2020713798,17,32,JEM,True
439216686,1460269489,39,53,zjb,True
